10,67,18,47,67,32,95,36,52,4,32,22,60,99,95,26,26,85,96,14,5,79,23,79,100,89,93,7,28,75,78,18,11,72,21,31,27,89,
100,9,99,97,32,34,71,23,78,15,52,67,84,89,21,42,25,68,70,88,69,67,28,74,71,87,94,30,66,45,42,96,87,92,28,95,78,4,
42,2,16,7,44,9,42,27,43,65,50,18,42,46,28,83,98,100,97,24,39,16,24,78,25,54,29,3,0,62,100,3,92,78,40,3,64,38,
26,77,56,97,82,22,81,58,27,84,34,52,14,36,31,18,13,57,35,87,97,88,81,84,4,10,92,7,49,83,59,77,72,19,70,66,8,30,
17,8,72,56,15,18,49,55,28,51,90,0,96,24,70,100,99,54,38,88,37,20,86,82,25,41,5,65,69,76,61,45,65,36,2,43,99,97,
92,53,50,45,90,60,99,18,36,64,4,80,88,51,100,39,23,45,99,54,68,91,80,81,5,62,1,26,31,59,67,36,35,41,36,7,10,38,
7,19,6,94,39,59,35,11,86,62,86,71,12,10,86,19,65,94,7,40,24,44,75,3,95,65,67,75,4,22,49,80,50,70,10,41,74,11,
3,72,4,74,94,2,75,83,75,67,68,41,48,50,35,8,83,59,45,8,10,10,66,19,20,11,31,29,65,66,87,64,87,61,23,0,55,89,
25,40,4,31,47,5,63,8,24,87,82,12,64,91,64,92,20,2,39,63,59,36,8,77,94,49,82,0,26,67,58,51,85,50,93,27,30,73,
100,58,32,41,31,39,13,66,31,11,100,60,53,71,37,92,6,12,22,79,9,4,38,81,62,66,36,68,37,35,97,12,81,62,74,51,60,74,
4,20,94,21,2,98,43,24,98,6,67,67,64,42,51,89,14,41,97,81,58,20,3,89,25,61,21,94,92,0,73,9,0,55,25,31,71,10,
85,89,49,29,73,13,5,43,83,13,11,83,59,36,42,56,23,60,24,9,11,17,78,28,29,13,11,89,14,29,13,38,53,54,46,63,74,12,
16,81,3,2,7,10,38,78,19,10,27,78,20,62,63,37,98,19,47,34,18,18,37,58,27,81,64,58,81,5,45,65,79,78,27,5,13,97,
33,10,37,92,11,76,19,87,87,40,50,61,58,27,25,43,16,8,39,7,92,23,11,59,80,79,92,34,90,85,64,91,95,85,46,92,94,59,
7,48,92,5,60,67,42,75,77,43,84,100,67,58,79,45,79,68,42,16,41,35,64,21,46,46,51,80,63,54,65,33,64,84,9,16,80,91,
53,90,54,1,55,11,72,97,12,86,23,97,79,87,65,79,47,90,62,25,75,91,38,98,53,8,0,70,74,92,78,74,86,82,49,20,45,27,
61,95,37,31,50,94,58,37,44,54,80,86,26,83,50,14,78,39,43,93,83,1,82,52,72,82,72,75,38,39,54,88,97,48,55,37,14,91,
38,8,58,54,49,19,51,58,96,47,97,76,41,28,94,96,80,23,88,77,22,54,53,46,18,44,74,40,65,93,54,37,84,68,5,45,29,37,
14,43,44,88,29,14,99,14,85,27,52,33,40,65,25,8,68,22,40,64,44,25,92,10,74,11,87,80,82,3,39,84,75,50,35,96,23,28,
58,98,99,75,77,57,36,9,77,56,85,66,22,55,31,33,60,23,71,24,13,99,15,46,59,100,70,88,21,75,59,15,20,39,80,14,47,78,
90,77,20,6,64,36,11,88,47,26,70,76,73,81,32,84,71,51,35,35,96,31,69,55,0,90,73,96,22,13,20,36,78,96,89,57,96,45,
45,85,23,10,63,44,99,11,51,88,47,11,25,3,92,95,26,85,3,61,80,21,72,80,68,30,90,77,33,66,85,76,22,37,67,90,5,73,
37,25,44,29,80,67,18,96,94,74,72,66,23,67,26,73,26,74,0,67,93,50,43,31,64,88,0,96,3,100,83,1,12,28,72,20,12,23,
11,60,1,18,8,26,65,77,77,50,16,45,52,6,21,53,28,86,78,52,71,6,27,85,62,33,50,54,33,54,76,42,98,5,80,78,34,82,
89,34,8,82,46,91,28,13,11,51,64,27,46,84,36,9,27,23,10,90,50,14,90,10,56,75,98,56,54,82,70,16,17,33,92,73,62,29,
100,32,99,99,28,88,16,0,51,50,43,21,23,97,38,38,72,56,11,54,73,76,80,0,13,98,58,19,57,25,9,51,83,80,76,48,43,55,
50,67,73,75,39,33,55,89,13,53,78,68